  -1.21936784728691     
 -0.186280312943416     
 -7.183620680046786E-002
 -3.777406290062701E-002
 -2.324181258810860E-002
 -1.572855146117109E-002
 -1.134669357249879E-002
 -8.570143268342987E-003
 -6.700754246467339E-003
 -5.382429657382319E-003
 -4.418083717974149E-003
 -3.691463789517135E-003
 -3.130399708493240E-003
 -2.688166263680363E-003
 -2.333430531387182E-003
 -2.044545101096697E-003
 -1.806165458975417E-003
 -1.607169492949377E-003
 -1.439336247834685E-003
 -1.296483020675410E-003
 -1.173887695103805E-003
 -1.067893433548986E-003
 -9.756327858560889E-004
 -8.948316973532630E-004
 -8.236680256472870E-004
 -7.606679050380154E-004
 -7.046288148779560E-004
 -6.545617672567224E-004
 -6.096473709850504E-004
 -5.692020704918935E-004
 -5.326506283981534E-004
 -4.994675168865049E-004
 -4.687581723696942E-004
 -4.381787737182047E-004
 -4.048259892390321E-004
 -3.676210272417694E-004
 -3.267229138199131E-004
 -2.824561360350963E-004
 -2.350729136027451E-004
 -1.847567055423962E-004
 -1.316445978296417E-004
 -7.584268436628879E-005
 -1.743560113744300E-005
  4.350744972322732E-005
  1.069287461668966E-004
  1.727793477990016E-004
  2.410171942237510E-004
  3.116057222628449E-004
  3.845128366768751E-004
  4.597101271312869E-004
  5.371722610543695E-004
  6.168765037017420E-004
  6.988023369349246E-004
  7.829311479354766E-004
  8.692459755360036E-004
  9.577312999974789E-004
  1.048372867974471E-003
  1.141157543927485E-003
  1.236073185234301E-003
  1.333108534578368E-003
  1.432253128108761E-003
  1.533497215543633E-003
  1.636831691342501E-003
  1.742248033396055E-003
  1.849738250432500E-003
  1.959294834668392E-003
  2.070910720866665E-003
  2.184579248995551E-003
  2.300294131478915E-003
  2.418049423544577E-003
  2.537839497731083E-003
  2.659659018603036E-003
  2.783502922414966E-003
  2.909366397453344E-003
  3.037244866355245E-003
  3.167133969917015E-003
  3.299029552875346E-003
  3.432927649930225E-003
  3.568824474283832E-003
  3.706716406247636E-003
  3.846599982215877E-003
  3.988471886208899E-003
  4.132328940781082E-003
  4.278168098755915E-003
  4.425986435876847E-003
  4.575781143993060E-003
  4.727549524687773E-003
  4.881288982930045E-003
  5.036997022261757E-003
  5.194671239085727E-003
  5.354309317799578E-003
  5.515909026719572E-003
  5.679468213629108E-003
  5.844984801815723E-003
  6.012456786632493E-003
  6.181882232131540E-003
  6.353259267326945E-003
  6.526586083384761E-003
  6.701860931079960E-003
  6.879082117784568E-003
  7.058248005017693E-003
  7.239357006096735E-003
  7.422407583660553E-003
  7.607398247933027E-003
  7.794327554439771E-003
  7.983194102233904E-003
  8.173996531929198E-003
  8.366733524253194E-003
  8.561403798305896E-003
  8.758006109964836E-003
  8.956539250290718E-003
  9.157002044671951E-003
  9.359393351185845E-003
  9.563712058996147E-003
  9.769957087748469E-003
  9.978127386469306E-003
  1.018822193201121E-002
  1.040023972823026E-002
  1.061417980512025E-002
  1.083004121787873E-002
  1.104782304562908E-002
  1.126752439111191E-002
  1.148914437974276E-002
  1.171268215872124E-002
  1.193813689601972E-002
  1.216550778030433E-002
  1.239479401956545E-002
  1.262599484108277E-002
  1.285910949046561E-002
  1.309413723126214E-002
  1.333107734407127E-002
  1.356992912621575E-002
  1.381069189125494E-002
  1.405336496830972E-002
  1.429794770179982E-002
  1.454443945082214E-002
  1.479283958851527E-002
  1.504314750225770E-002
  1.529536259246552E-002
  1.554948427260243E-002
  1.580551196907702E-002
  1.606344512016112E-002
  1.632328317635782E-002
  1.658502559934113E-002
  1.684867186247904E-002
  1.711422144968906E-002
  1.738167385558510E-002
  1.765102858533020E-002
  1.792228515377981E-002
  1.819544308573581E-002
  1.847050191543267E-002
  1.874746118653551E-002
  1.902632045127677E-002
  1.930707927102185E-002
  1.958973721534112E-002
  1.987429386252552E-002
  2.016074879834692E-002
  2.044910161706462E-002
  2.073935192021446E-002
  2.103149931668638E-002
  2.132554342307963E-002
  2.162148386280216E-002
  2.191932026610266E-002
  2.221905227012813E-002
  2.252067951889278E-002
  2.282420166206401E-002
  2.312961835628212E-002
  2.343692926403948E-002
  2.374613405376069E-002
  2.405723239966067E-002
  2.437022398173974E-002
  2.468510848557944E-002
  2.500188560217793E-002
  2.532055502781880E-002
  2.564111646376051E-002
  2.596356961662465E-002
  2.628791419778537E-002
  2.661414992351046E-002
  2.694227651459731E-002
  2.727229369674630E-002
  2.760420120002285E-002
  2.793799875882258E-002
  2.827368611192987E-002
  2.861126300247029E-002
  2.895072917747437E-002
  2.929208438819392E-002
  2.963532838962047E-002
  2.998046094090573E-002
  3.032748180470786E-002
  3.067639074758435E-002
  3.102718753971762E-002
  3.137987195472495E-002
  3.173444376979944E-002
  3.209090276538903E-002
  3.244924872549287E-002
  3.280948143730815E-002
  3.317160069119177E-002
  3.353560628051840E-002
  3.390149800173525E-002
  3.426927565469234E-002
  3.463893904175512E-002
  3.501048796843938E-002
  3.538392224276535E-002
  3.575924167600975E-002
  3.613644608166928E-002
  3.651553527626709E-002
  3.689650907900111E-002
  3.727936731147212E-002
  3.766410979768159E-002
  3.805073636439442E-002
  3.843924684068940E-002
  3.882964105801698E-002
  3.922191885005507E-002
  3.961608005300374E-002
  4.001212450507692E-002
  4.041005204698293E-002
  4.080986252130595E-002
  4.121155577289967E-002
  4.161513164867087E-002
  4.202058999750377E-002
  4.242793067054612E-002
  4.283715352080120E-002
  4.324825840314386E-002
  4.366124517435557E-002
  4.407611369323950E-002
  4.449286382036096E-002
  4.491149541811336E-002
  4.533200835049449E-002
  4.575440248361217E-002
  4.617867768505397E-002
  4.660483382409156E-002
  4.703287077163588E-002
  4.746278840046828E-002
  4.789458658463539E-002
  4.832826520000980E-002
  4.876382412393333E-002
  4.920126323521160E-002
  4.964058241425230E-002
  5.008178154280717E-002
  5.052486050425293E-002
  5.096981918322136E-002
  5.141665746606828E-002
  5.186537523999896E-002
  5.231597239398822E-002
  5.276844881840514E-002
  5.322280440456814E-002
  5.367903904535890E-002
  5.413715263479304E-002
  5.459714506816772E-002
  5.505901624220836E-002
  5.552276605451698E-002
  5.598839440400590E-002
  5.645590119072309E-002
  5.692528631605559E-002
  5.739654968242752E-002
  5.786969119329152E-002
  5.834471075319689E-002
  5.882160826794177E-002
  5.930038364431620E-002
  5.978103679008426E-002
  6.026356761416285E-002
  6.074797602634385E-002
  6.123426193760125E-002
  6.172242525996303E-002
  6.221246590600615E-002
  6.270438378981200E-002
  6.319817882623378E-002
  6.369385093084845E-002
  6.419140002020184E-002
  6.469082601191352E-002
  6.519212882438612E-002
  6.569530837703212E-002
  6.620036459020852E-002
  6.670729738471166E-002
  6.721610668255468E-002
  6.772679240674581E-002
  6.823935448094530E-002
  6.875379282970165E-002
  6.927010737856537E-002
  6.978829805374623E-002
  7.030836478252218E-002
  7.083030749288849E-002
  7.135412611383933E-002
  7.187982057514458E-002
  7.240739080738724E-002
  7.293683674226170E-002
  7.346815831221390E-002
  7.400135545060724E-002
  7.453642809176041E-002
  7.507337617094083E-002
  7.561219962430361E-002
  7.615289838890402E-002
  7.669547240318976E-002
  7.723992160625910E-002
  7.778624593838271E-002
  7.833444534110309E-002
  7.888451975653439E-002
  7.943646912850393E-002
  7.999029340186548E-002
  8.054599252243019E-002
  8.110356643754818E-002
  8.166301509556942E-002
  8.222433844628921E-002
  8.278753644078095E-002
  8.335260903140207E-002
  8.391955617194059E-002
  8.448837781768324E-002
  8.505907392515899E-002
  8.563164445245876E-002
  8.620608935902596E-002
  8.678240860587352E-002
  8.736060215546745E-002
  8.794066997173958E-002
  8.852261202021780E-002
  8.910642826768325E-002
  8.969211868235384E-002
  9.027968323399901E-002
  9.086912189363397E-002
  9.146043463361982E-002
  9.205362142751691E-002
  9.264868224987585E-002
  9.324561707661461E-002
  9.384442588429431E-002
  9.444510865037160E-002
  9.504766535325747E-002
  9.565209597164097E-002
  9.625840048451675E-002
  9.686657887094716E-002
  9.747663111032477E-002
  9.808855718152010E-002
  9.870235706296231E-002
  9.931803073215835E-002
  9.993557816586543E-002
  0.100554999339255     
  0.101176294225941     
  0.101799462797529     
  0.102424505023404     
  0.103051420870276     
  0.103680210301710     
  0.104310873278288     
  0.104943409756574     
  0.105577819689367     
  0.106214103024678     
  0.106852259706130     
  0.107492289672369     
  0.108134192856517     
  0.108777969186238     
  0.109423618583163     
  0.110071140962997     
  0.110720536235075     
  0.111371804302682     
  0.112024945062233     
  0.112679958404077     
  0.113336844212237     
  0.113995602364586     
  0.114656232732768     
  0.115318735183209     
  0.115983109577028     
  0.116649355770677     
  0.117317473617013     
  0.117987462965733     
  0.118659323664357     
  0.119333055559490     
  0.120008658497965     
  0.120686132328265     
  0.121365476902181     
  0.122046692076529     
  0.122729777714952     
  0.123414733690222     
  0.124101559886291     
  0.124790256200808     
  0.125480822547839     
  0.126173258860421     
  0.126867565093881     
  0.127563741228427     
  0.128261787272685     
  0.128961703266902     
  0.129663489286537     
  0.130367145446021     
  0.131072671901764     
  0.131780068856354     
  0.132489336561659     
  0.133200475323099     
  0.133913485502859     
  0.134628367523314     
  0.135345121870560     
  0.136063749097369     
  0.136784249826028     
  0.137506624751267     
  0.138230874642525     
  0.138957000345604     
  0.139685002784512     
  0.140414882962600     
  0.141146641962693     
  0.141880280947653     
  0.142615801159511     
  0.143353203918428     
  0.144092490620847     
  0.144833662737051     
  0.145576721807775     
  0.146321669440770     
  0.147068507305931     
  0.147817237130280     
  0.148567860691853     
  0.149320379813623     
  0.150074796355928     
  0.150831112208762     
  0.151589329283920     
  0.152349449506061     
  0.153111474803587     
  0.153875407099246     
  0.154641248300746     
  0.155409000290303     
  0.156178664915090     
  0.156950243977045     
  0.157723739222924     
  0.158499152333928     
  0.159276484916642     
  0.160055738492978     
  0.160836914491073     
  0.161620014236719     
  0.162405038944128     
  0.163191989708293     
  0.163980867497297     
  0.164771673144998     
  0.165564407344266     
  0.166359070640817     
  0.167155663427313     
  0.167954185938299     
  0.168754638245032     
  0.169557020251442     
  0.170361331689639     
  0.171167572116959     
  0.171975740912186     
  0.172785837272626     
  0.173597860211996     
  0.174411808557317     
  0.175227680947035     
  0.176045475829176     
  0.176865191459453     
  0.177686825899377     
  0.178510377014763     
  0.179335842474476     
  0.180163219748660     
  0.180992506107947     
  0.181823698622031     
  0.182656794158625     
  0.183491789382722     
  0.184328680756331     
  0.185167464537608     
  0.186008136781394     
  0.186850693339589     
  0.187695129862683     
  0.188541441801305     
  0.189389624409425     
  0.190239672748201     
  0.191091581691645     
  0.191945345933550     
  0.192800959996130     
  0.193658418242238     
  0.194517714888432     
  0.195378844022159     
  0.196241799622424     
  0.197106575584128     
  0.197973165746778     
  0.198841563928997     
  0.199711763967370     
  0.200583759762069     
  0.201457545329156     
  0.202333114858982     
  0.203210462782770     
  0.204089583846019     
  0.204970473189791     
  0.205853126439256     
  0.206737539798767     
  0.207623710153815     
  0.208511635176347     
  0.209401313435275     
  0.210292744506799     
  0.211185929084097     
  0.212080869082165     
  0.212977567734951     
  0.213876029681044     
  0.214776261033499     
  0.215678269429641     
  0.216582064057056     
  0.217487655652235     
  0.218395056468252     
  0.219304280210636     
  0.220215341938714     
  0.221128257934692     
  0.222043045541004     
  0.222959722969202     
  0.223878309086270     
  0.224798823182863     
  0.225721284731032     
  0.226645713138527     
  0.227572127507616     
  0.228500546404481     
  0.229430987647298     
