 -0.847826443337165     
 -0.177874185881258     
 -7.060294354943111E-002
 -3.740043109081406E-002
 -2.308188858936923E-002
 -1.564545347059326E-002
 -1.129790749659732E-002
 -8.539007846260049E-003
 -6.679642543340313E-003
 -5.367441286105618E-003
 -4.407051618255864E-003
 -3.683103898460423E-003
 -3.123911018973399E-003
 -2.683027640271450E-003
 -2.329290829886512E-003
 -2.041160593444561E-003
 -1.803362613377476E-003
 -1.604821997968146E-003
 -1.437350367202767E-003
 -1.294787993049191E-003
 -1.172429283841212E-003
 -1.066629497322153E-003
 -9.745301761026237E-004
 -8.938640475055421E-004
 -8.228141498275188E-004
 -7.599106215424905E-004
 -7.039540704273685E-004
 -6.539579767631654E-004
 -6.091049146572447E-004
 -5.687129054582012E-004
 -5.322079198891934E-004
 -4.990639095823726E-004
 -4.683749864865680E-004
 -4.377764218857016E-004
 -4.043772294685090E-004
 -3.671235084593496E-004
 -3.261808911159911E-004
 -2.818733972645771E-004
 -2.344522309689929E-004
 -1.841001324787970E-004
 -1.309537127927553E-004
 -7.511874355859723E-005
 -1.667963330230713E-005
  4.429458254317560E-005
  1.077463073388994E-004
  1.736266973928685E-004
  2.418937689484891E-004
  3.125110198679532E-004
  3.854464049954562E-004
  4.606715551576190E-004
  5.381611720289651E-004
  6.178925501657035E-004
  6.998451955065191E-004
  7.840005163360273E-004
  8.703415698177657E-004
  9.588528519454572E-004
  1.049520122707224E-003
  1.142330258778535E-003
  1.237271127679697E-003
  1.334331481610514E-003
  1.433500864733099E-003
  1.534769533932917E-003
  1.638128389806890E-003
  1.743568916025793E-003
  1.851083126093605E-003
  1.960663516954640E-003
  2.072303027018413E-003
  2.185994999807487E-003
  2.301733150634266E-003
  2.419511537613152E-003
  2.539324535495896E-003
  2.661166810914802E-003
  2.785033302140505E-003
  2.910919199088256E-003
  3.038819925694447E-003
  3.168731123967286E-003
  3.300648639753405E-003
  3.434568508767601E-003
  3.570486944632050E-003
  3.708400328322348E-003
  3.848305196967058E-003
  3.990198234858735E-003
  4.134076264640674E-003
  4.279936239220633E-003
  4.427775234509932E-003
  4.577590442512251E-003
  4.729379164580423E-003
  4.883138805643688E-003
  5.038866868573735E-003
  5.196560949778142E-003
  5.356218733450020E-003
  5.517837987306054E-003
  5.681416558805419E-003
  5.846952370749102E-003
  6.014443418041095E-003
  6.183887763846729E-003
  6.355283536577036E-003
  6.528628927011034E-003
  6.703922185071222E-003
  6.881161617650955E-003
  7.060345585031862E-003
  7.241472499989234E-003
  7.424540824403864E-003
  7.609549067800256E-003
  7.796495784636214E-003
  7.985379573226561E-003
  8.176199073410913E-003
  8.368952964761625E-003
  8.563639965440337E-003
  8.760258830412737E-003
  8.958808349996046E-003
  9.159287348313299E-003
  9.361694682543595E-003
  9.566029241012382E-003
  9.772289942229631E-003
  9.980475734042387E-003
  1.019058559236916E-002
  1.040261851970965E-002
  1.061657354548280E-002
  1.083244972346005E-002
  1.105024613182851E-002
  1.126996187207641E-002
  1.149159606852980E-002
  1.171514786714389E-002
  1.194061643512376E-002
  1.216800095977729E-002
  1.239730064807495E-002
  1.262851472605414E-002
  1.286164243829230E-002
  1.309668304697029E-002
  1.333363583162350E-002
  1.357250008848487E-002
  1.381327512985753E-002
  1.405596028379927E-002
  1.430055489332368E-002
  1.454705831638572E-002
  1.479546992520196E-002
  1.504578910550211E-002
  1.529801525676686E-002
  1.555214779129475E-002
  1.580818613415626E-002
  1.606612972248352E-002
  1.632597800544509E-002
  1.658773044365520E-002
  1.685138650902275E-002
  1.711694568432111E-002
  1.738440746313256E-002
  1.765377134928378E-002
  1.792503685650165E-002
  1.819820350813685E-002
  1.847327083732333E-002
  1.875023838630749E-002
  1.902910570636333E-002
  1.930987235723807E-002
  1.959253790764074E-002
  1.987710193425848E-002
  2.016356402202807E-002
  2.045192376357735E-002
  2.074218075920395E-002
  2.103433461678969E-002
  2.132838495143780E-002
  2.162433138542245E-002
  2.192217354773875E-002
  2.222191107442842E-002
  2.252354360771234E-002
  2.282707079648648E-002
  2.313249229589191E-002
  2.343980776711288E-002
  2.374901687770718E-002
  2.406011930048312E-002
  2.437311471400870E-002
  2.468800280271992E-002
  2.500478325631971E-002
  2.532345576960944E-002
  2.564402004274413E-002
  2.596647578115514E-002
  2.629082269477458E-002
  2.661706049869550E-002
  2.694518891254542E-002
  2.727520766049394E-002
  2.760711647162543E-002
  2.794091507882870E-002
  2.827660321988686E-002
  2.861418063643565E-002
  2.895364707434982E-002
  2.929500228357449E-002
  2.963824601801441E-002
  2.998337803541215E-002
  3.033039809716800E-002
  3.067930596848167E-002
  3.103010141834978E-002
  3.138278421926202E-002
  3.173735414680410E-002
  3.209381098043390E-002
  3.245215450276502E-002
  3.281238449974370E-002
  3.317450076032016E-002
  3.353850307676442E-002
  3.390439124445781E-002
  3.427216506155799E-002
  3.464182432937360E-002
  3.501336885227483E-002
  3.538679843676171E-002
  3.576211289293060E-002
  3.613931203330863E-002
  3.651839567306618E-002
  3.689936362988709E-002
  3.728221572429306E-002
  3.766695177897832E-002
  3.805357161926837E-002
  3.844207507320875E-002
  3.883246197085510E-002
  3.922473214468539E-002
  3.961888542960230E-002
  4.001492166262786E-002
  4.041284068298311E-002
  4.081264233222257E-002
  4.121432645382138E-002
  4.161789289341598E-002
  4.202334149886073E-002
  4.243067211992213E-002
  4.283988460824736E-002
  4.325097881733449E-002
  4.366395460299519E-002
  4.407881182263652E-002
  4.449555033548686E-002
  4.491417000275850E-002
  4.533467068717379E-002
  4.575705225360031E-002
  4.618131456830072E-002
  4.660745749935431E-002
  4.703548091658440E-002
  4.746538469115562E-002
  4.789716869612242E-002
  4.833083280600022E-002
  4.876637689692311E-002
  4.920380084647934E-002
  4.964310453358987E-002
  5.008428783914467E-002
  5.052735064522963E-002
  5.097229283512076E-002
  5.141911429372219E-002
  5.186781490733496E-002
  5.231839456352808E-002
  5.277085315131341E-002
  5.322519056096008E-002
  5.368140668398667E-002
  5.413950141307683E-002
  5.459947464255874E-002
  5.506132626760662E-002
  5.552505618475141E-002
  5.599066429165868E-002
  5.645815048737705E-002
  5.692751467171706E-002
  5.739875674591165E-002
  5.787187661236385E-002
  5.834687417437347E-002
  5.882374933643401E-002
  5.930250200409918E-002
  5.978313208394311E-002
  6.026563948356663E-002
  6.075002411155352E-002
  6.123628587780134E-002
  6.172442469286387E-002
  6.221444046821983E-002
  6.270633311657718E-002
  6.320010255136360E-002
  6.369574868720321E-002
  6.419327143932671E-002
  6.469267072416850E-002
  6.519394645891431E-002
  6.569709856173431E-002
  6.620212695166733E-002
  6.670903154850910E-002
  6.721781227301947E-002
  6.772846904690159E-002
  6.824100179273851E-002
  6.875541043377931E-002
  6.927169489443274E-002
  6.978985509963784E-002
  7.030989097537467E-002
  7.083180244853203E-002
  7.135558944674751E-002
  7.188125189865514E-002
  7.240878973383492E-002
  7.293820288261368E-002
  7.346949127640118E-002
  7.400265484717462E-002
  7.453769352826040E-002
  7.507460725357586E-002
  7.561339595831372E-002
  7.615405957844505E-002
  7.669659805101892E-002
  7.724101131434387E-002
  7.778729930730104E-002
  7.833546197018881E-002
  7.888549924433351E-002
  7.943741107235437E-002
  7.999119739778816E-002
  8.054685816563030E-002
  8.110439332197419E-002
  8.166380281422123E-002
  8.222508659113635E-002
  8.278824460238858E-002
  8.335327679966018E-002
  8.392018313574538E-002
  8.448896356452618E-002
  8.505961804186526E-002
  8.563214652464231E-002
  8.620654897135235E-002
  8.678282534217213E-002
  8.736097559833518E-002
  8.794099970280125E-002
  8.852289762001243E-002
  8.910666931574099E-002
  8.969231475750124E-002
  9.027983391372486E-002
  9.086922675449785E-002
  9.146049325111298E-002
  9.205363337617788E-002
  9.264864710323779E-002
  9.324553440705695E-002
  9.384429526322688E-002
  9.444492964817941E-002
  9.504743753895173E-002
  9.565181891308425E-002
  9.625807374843666E-002
  9.686620202311286E-002
  9.747620371494092E-002
  9.808807880155203E-002
  9.870182725993724E-002
  9.931744906629483E-002
  9.993494419573155E-002
  0.100554312622036     
  0.101175554317141     
  0.101798669250884     
  0.102423657390927     
  0.103050518702226     
  0.103679253146687     
  0.104309860682573     
  0.104942341264505     
  0.105576694843259     
  0.106212921364830     
  0.106851020770574     
  0.107490992996528     
  0.108132837973726     
  0.108776555627127     
  0.109422145876203     
  0.110069608633952     
  0.110718943806987     
  0.111370151295964     
  0.112023230994911     
  0.112678182791488     
  0.113335006566988     
  0.113993702196722     
  0.114654269550027     
  0.115316708490641     
  0.115981018877514     
  0.116647200565012     
  0.117315253403659     
  0.117985177241403     
  0.118656971924430     
  0.119330637297633     
  0.120006173206802     
  0.120683579499949     
  0.121362856028231     
  0.122044002648357     
  0.122727019224598     
  0.123411905630568     
  0.124098661751706     
  0.124787287487717     
  0.125477782755248     
  0.126170147490758     
  0.126864381653252     
  0.127560485227768     
  0.128258458228486     
  0.128958300701998     
  0.129660012730964     
  0.130363594437546     
  0.131069045986991     
  0.131776367591432     
  0.132485559513613     
  0.133196622070442     
  0.133909555636168     
  0.134624360646342     
  0.135341037600841     
  0.136059587067319     
  0.136780009683603     
  0.137502306160375     
  0.138226477283476     
  0.138952523916084     
  0.139680446999784     
  0.140410247555629     
  0.141141926684759     
  0.141875485567654     
  0.142610925464523     
  0.143348247713207     
  0.144087453727381     
  0.144828544993864     
  0.145571523069568     
  0.146316389577450     
  0.147063146201302     
  0.147811794680750     
  0.148562336805495     
  0.149314774408237     
  0.150069109357226     
  0.150825343548807     
  0.151583478899039     
  0.152343517334800     
  0.153105460784441     
  0.153869311168412     
  0.154635070389635     
  0.155402740323379     
  0.156172322807329     
  0.156943819631456     
  0.157717232527914     
  0.158492563161138     
  0.159269813118300     
  0.160048983899849     
  0.160830076909926     
  0.161613093447837     
  0.162398034699455     
  0.163184901729415     
  0.163973695473264     
  0.164764416730559     
  0.165557066158003     
  0.166351644263738     
  0.167148151400910     
  0.167946587763380     
  0.168746953380344     
  0.169549248112213     
  0.170353471646680     
  0.171159623495475     
  0.171967702990920     
  0.172777709282751     
  0.173589641336070     
  0.174403497928834     
  0.175219277649770     
  0.176036978896139     
  0.176856599872079     
  0.177678138587214     
  0.178501592854732     
  0.179326960290149     
  0.180154238309938     
  0.180983424130130     
  0.181814514765377     
  0.182647507027944     
  0.183482397527137     
  0.184319182668506     
  0.185157858653818     
  0.185998421481121     
  0.186840866945693     
  0.187685190641303     
  0.188531387962661     
  0.189379454108122     
  0.190229384084666     
  0.191081172713152     
  0.191934814636260     
  0.192790304328027     
  0.193647636105789     
  0.194506804144479     
  0.195367802495194     
  0.196230625106498     
  0.197095265849662     
  0.197961718549176     
  0.198829977018046     
  0.199700035099491     
  0.200571886713300     
  0.201445525909982     
  0.202320946931992     
  0.203198144281695     
  0.204077112797465     
  0.204957847736410     
  0.205840344865693     
  0.206724600559172     
  0.207610611900807     
  0.208498376791770     
  0.209387894061260     
  0.210279163577047     
  0.211172186354308     
  0.212066964659104     
  0.212963502102787     
  0.213861803724187     
  0.214761876054210     
  0.215663727159504     
  0.216567366661509     
  0.217472805726705     
  0.218380057025738     
  0.219289134659657     
  0.220200054052020     
  0.221112831808510     
  0.222027485545912     
  0.222944033693911     
  0.223862495274962     
  0.224782889668860     
  0.225705236368262     
  0.226629554732989     
  0.227555863750620     
  0.228484181810251     
  0.229414526496209     
