 -0.507222763325396     
 -0.125897635085829     
 -5.582102486895009E-002
 -3.136189162249624E-002
 -2.005725704697915E-002
 -1.392201167654488E-002
 -1.022493488416288E-002
 -7.826467336281600E-003
 -6.182647733743623E-003
 -5.007149336616333E-003
 -4.137602278576247E-003
 -3.476358823436910E-003
 -2.961833205078939E-003
 -2.553625046399615E-003
 -2.224339780703515E-003
 -1.954869735976290E-003
 -1.731558346259181E-003
 -1.544435168618640E-003
 -1.386083347159190E-003
 -1.250893184468643E-003
 -1.134558394630350E-003
 -1.033728881135225E-003
 -9.457668262133593E-004
 -8.685723984839826E-004
 -8.004572614244504E-004
 -7.400514674556760E-004
 -6.862340334880813E-004
 -6.380805565505091E-004
 -5.948232505759168E-004
 -5.558200488647444E-004
 -5.205257576427986E-004
 -4.883735332288607E-004
 -4.580684862704570E-004
 -4.267679795468593E-004
 -3.920738924562749E-004
 -3.535208284049012E-004
 -3.113938582492497E-004
 -2.659970083972967E-004
 -2.175553759289140E-004
 -1.662337334977491E-004
 -1.121567763534941E-004
 -5.542211900693804E-005
  3.891636515456756E-006
  6.571973443869198E-005
  1.300078276077827E-004
  1.967096022849963E-004
  2.657850846779458E-004
  3.371993995941718E-004
  4.109218380010479E-004
  4.869251432447249E-004
  5.651849530663283E-004
  6.456793586164442E-004
  7.283885496376972E-004
  8.132945255022371E-004
  9.003808584262410E-004
  9.896324964259440E-004
  1.081035598165851E-003
  1.174577393706606E-003
  1.270246065851987E-003
  1.368030648569215E-003
  1.467920939853576E-003
  1.569907425404680E-003
  1.673981213400287E-003
  1.780133975429370E-003
  1.888357896794354E-003
  1.998645631454092E-003
  2.110990261887468E-003
  2.225385263276097E-003
  2.341824473034180E-003
  2.460302061625493E-003
  2.580812507764870E-003
  2.703350574808924E-003
  2.827911290498282E-003
  2.954489928326664E-003
  3.083081989755203E-003
  3.213683189612863E-003
  3.346289441569916E-003
  3.480896845106561E-003
  3.617501673633252E-003
  3.756100363997492E-003
  3.896689506453030E-003
  4.039265834700854E-003
  4.183826218396549E-003
  4.330367654731109E-003
  4.478887261478001E-003
  4.629382270093072E-003
  4.781850019552615E-003
  4.936287950277484E-003
  5.092693599200743E-003
  5.251064594617626E-003
  5.411398651211816E-003
  5.573693565926611E-003
  5.737947213704804E-003
  5.904157544130030E-003
  6.072322576938315E-003
  6.242440399636493E-003
  6.414509163686525E-003
  6.588527081607623E-003
  6.764492424681987E-003
  6.942403519708058E-003
  7.122258746636923E-003
  7.304056536580694E-003
  7.487795369542399E-003
  7.673473771920742E-003
  7.861090314596591E-003
  8.050643612015764E-003
  8.242132319000488E-003
  8.435555130027536E-003
  8.630910777556790E-003
  8.828198029873181E-003
  9.027415690497366E-003
  9.228562596852133E-003
  9.431637617809831E-003
  9.636639653675212E-003
  9.843567634653832E-003
  1.005242051962865E-002
  1.026319729502172E-002
  1.047589697407812E-002
  1.069051859591394E-002
  1.090706122416251E-002
  1.112552394658202E-002
  1.134590587393979E-002
  1.156820613943303E-002
  1.179242389777959E-002
  1.201855832413907E-002
  1.224660861421481E-002
  1.247657398326149E-002
  1.270845366504933E-002
  1.294224691146438E-002
  1.317795299201803E-002
  1.341557119356894E-002
  1.365510081921471E-002
  1.389654118796928E-002
  1.413989163445235E-002
  1.438515150827522E-002
  1.463232017371113E-002
  1.488139700895321E-002
  1.513238140578879E-002
  1.538527276946456E-002
  1.564007051816337E-002
  1.589677408231202E-002
  1.615538290460882E-002
  1.641589643963593E-002
  1.667831415336369E-002
  1.694263552273633E-002
  1.720886003554895E-002
  1.747698719023860E-002
  1.774701649541073E-002
  1.801894746961763E-002
  1.829277964090851E-002
  1.856851254678933E-002
  1.884614573402883E-002
  1.912567875804052E-002
  1.940711118324981E-002
  1.969044258231513E-002
  1.997567253614907E-002
  2.026280063359581E-002
  2.055182647117053E-002
  2.084274965338002E-002
  2.113556979195554E-002
  2.143028650563314E-002
  2.172689942029937E-002
  2.202540816887956E-002
  2.232581239073140E-002
  2.262811173195434E-002
  2.293230584476435E-002
  2.323839438796012E-002
  2.354637702592591E-002
  2.385625342922706E-002
  2.416802327427129E-002
  2.448168624293184E-002
  2.479724202257103E-002
  2.511469030607589E-002
  2.543403079159030E-002
  2.575526318225013E-002
  2.607838718628318E-002
  2.640340251687892E-002
  2.673030889168644E-002
  2.705910603361979E-002
  2.738979366965619E-002
  2.772237153150980E-002
  2.805683935517068E-002
  2.839319688098215E-002
  2.873144385341546E-002
  2.907158002106820E-002
  2.941360513631573E-002
  2.975751895585189E-002
  3.010332124012186E-002
  3.045101175301540E-002
  3.080059026240160E-002
  3.115205653967418E-002
  3.150541035965772E-002
  3.186065150058299E-002
  3.221777974429983E-002
  3.257679487592736E-002
  3.293769668363924E-002
  3.330048495883192E-002
  3.366515949615428E-002
  3.403172009329063E-002
  3.440016655059550E-002
  3.477049867195565E-002
  3.514271626359742E-002
  3.551681913467173E-002
  3.589280709740458E-002
  3.627067996625339E-002
  3.665043755885986E-002
  3.703207969495803E-002
  3.741560619712078E-002
  3.780101689045120E-002
  3.818831160233647E-002
  3.857749016266268E-002
  3.896855240366415E-002
  3.936149816000722E-002
  3.975632726835919E-002
  4.015303956792270E-002
  4.055163490000353E-002
  4.095211310792536E-002
  4.135447403743225E-002
  4.175871753607407E-002
  4.216484345352632E-002
  4.257285164148294E-002
  4.298274195361911E-002
  4.339451424559321E-002
  4.380816837480375E-002
  4.422370420051461E-002
  4.464112158405056E-002
  4.506042038842201E-002
  4.548160047821804E-002
  4.590466172016036E-002
  4.632960398228771E-002
  4.675642713439596E-002
  4.718513104814454E-002
  4.761571559674932E-002
  4.804818065500233E-002
  4.848252609901466E-002
  4.891875180673811E-002
  4.935685765771238E-002
  4.979684353254048E-002
  5.023870931375248E-002
  5.068245488514810E-002
  5.112808013179608E-002
  5.157558494028704E-002
  5.202496919862987E-002
  5.247623279603883E-002
  5.292937562322495E-002
  5.338439757213513E-002
  5.384129853589996E-002
  5.430007840925818E-002
  5.476073708766379E-002
  5.522327446806290E-002
  5.568769044865821E-002
  5.615398492893881E-002
  5.662215780932144E-002
  5.709220899141473E-002
  5.756413837815057E-002
  5.803794587339410E-002
  5.851363138201522E-002
  5.899119481011968E-002
  5.947063606491987E-002
  5.995195505445040E-002
  6.043515168802450E-002
  6.092022587578727E-002
  6.140717752882852E-002
  6.189600655943322E-002
  6.238671288081556E-002
  6.287929640691838E-002
  6.337375705280768E-002
  6.387009473459546E-002
  6.436830936926065E-002
  6.486840087452342E-002
  6.537036916915934E-002
  6.587421417280907E-002
  6.637993580595462E-002
  6.688753399007810E-002
  6.739700864741464E-002
  6.790835970107487E-002
  6.842158707513066E-002
  6.893669069422949E-002
  6.945367048442037E-002
  6.997252637209286E-002
  7.049325828464303E-002
  7.101586615048058E-002
  7.154034989872636E-002
  7.206670945934435E-002
  7.259494476340608E-002
  7.312505574269723E-002
  7.365704232996553E-002
  7.419090445875579E-002
  7.472664206352235E-002
  7.526425508018204E-002
  7.580374344516989E-002
  7.634510709581363E-002
  7.688834597073445E-002
  7.743346000936609E-002
  7.798044915247626E-002
  7.852931334156124E-002
  7.908005251963598E-002
  7.963266663064485E-002
  8.018715561951546E-002
  8.074351943274095E-002
  8.130175801793238E-002
  8.186187132376573E-002
  8.242385930044786E-002
  8.298772189936968E-002
  8.355345907348315E-002
  8.412107077693676E-002
  8.469055696529759E-002
  8.526191759559171E-002
  8.583515262638587E-002
  8.641026201752917E-002
  8.698724573043032E-002
  8.756610372813892E-002
  8.814683597491617E-002
  8.872944243652808E-002
  8.931392308038490E-002
  8.990027787503545E-002
  9.048850679060647E-002
  9.107860979843291E-002
  9.167058687128074E-002
  9.226443798296508E-002
  9.286016310845852E-002
  9.345776222382905E-002
  9.405723530599296E-002
  9.465858233279535E-002
  9.526180328241510E-002
  9.586689813367909E-002
  9.647386686574980E-002
  9.708270945779057E-002
  9.769342588885736E-002
  9.830601613768691E-002
  9.892048018252247E-002
  9.953681800060460E-002
  0.100155029568058     
  0.100775114859594     
  0.101397073848080     
  0.102020906504577     
  0.102646612797619     
  0.103274192692866     
  0.103903646153057     
  0.104534973137460     
  0.105168173601613     
  0.105803247496766     
  0.106440194769861     
  0.107079015362808     
  0.107719709212677     
  0.108362276250912     
  0.109006716403292     
  0.109653029589557     
  0.110301215723720     
  0.110951274713026     
  0.111603206458695     
  0.112257010855391     
  0.112912687791428     
  0.113570237148735     
  0.114229658803384     
  0.114890952625436     
  0.115554118479419     
  0.116219156225153     
  0.116886065717965     
  0.117554846809629     
  0.118225499348990     
  0.118898023183293     
  0.119572418159052     
  0.120248684123336     
  0.120926820925593     
  0.121606828418956     
  0.122288706461819     
  0.122972454920431     
  0.123658073670741     
  0.124345562600340     
  0.125034921611636     
  0.125726150623947     
  0.126419249576562     
  0.127114218431873     
  0.127811057178189     
  0.128509765833273     
  0.129210344447376     
  0.129912793107312     
  0.130617111939371     
  0.131323301113430     
  0.132031360846133     
  0.132741291405080     
  0.133453093111884     
  0.134166766346268     
  0.134882311548999     
  0.135599729225396     
  0.136319019948300     
  0.137040184361267     
  0.137763223180417     
  0.138488137197457     
  0.139214927281002     
  0.139943594377980     
  0.140674139515026     
  0.141406563798362     
  0.142140868413852     
  0.142877054626401     
  0.143615123778627     
  0.144355077288457     
  0.145096916646777     
  0.145840643414297     
  0.146586259216934     
  0.147333765741493     
  0.148083164730135     
  0.148834457974223     
  0.149587647307721     
  0.150342734599903     
  0.151099721747574     
  0.151858610666306     
  0.152619403282141     
  0.153382101522230     
  0.154146707305108     
  0.154913222531341     
  0.155681649073345     
  0.156451988765286     
  0.157224243393357     
  0.157998414685383     
  0.158774504301374     
  0.159552513823330     
  0.160332444746333     
  0.161114298468972     
  0.161898076284598     
  0.162683779373143     
  0.163471408793068     
  0.164260965473382     
  0.165052450207277     
  0.165845863644942     
  0.166641206287830     
  0.167438478483041     
  0.168237680417779     
  0.169038812114860     
  0.169841873428577     
  0.170646864040754     
  0.171453783457104     
  0.172262631004144     
  0.173073405826343     
  0.173886106883709     
  0.174700732949167     
  0.175517282606589     
  0.176335754248974     
  0.177156146076423     
  0.177978456094609     
  0.178802682113185     
  0.179628821744361     
  0.180456872401583     
  0.181286831298295     
  0.182118695446973     
  0.182952461657778     
  0.183788126538305     
  0.184625686492774     
  0.185465137721945     
  0.186306476223395     
  0.187149697792232     
  0.187994798022310     
  0.188841772308885     
  0.189690615851591     
  0.190541323658712     
  0.191393890553366     
  0.192248311180725     
  0.193104580017875     
  0.193962691385931     
  0.194822639464198     
  0.195684418308760     
  0.196548021873641     
  0.197413444036746     
  0.198280678629826     
  0.199149719474117     
  0.200020560421307     
  0.200893195400834     
  0.201767618473840     
  0.202643823894027     
  0.203521806175964     
  0.204401560170599     
  0.205283081148811     
  0.206166364891666     
  0.207051407787466     
  0.207938206934732     
  0.208826760249647     
  0.209717066575701     
  0.210609125794835     
  0.211502938935548     
  0.212398508276047     
  0.213295837438567     
  0.214194931470791     
  0.215095796910541     
  0.215998441828913     
  0.216902875849308     
  0.217809110137114     
  0.218717157359180     
  0.219627031609570     
  0.220538748302013     
  0.221452324029801     
  0.222367776394827     
  0.223285123809644     
  0.224204385278420     
  0.225125580161339     
  0.226048727931000     
  0.226973847927300     
  0.227900959118829     
  0.228830079876581     
  0.229761227768603     
