 -0.555510603954473     
 -0.158586693820214     
 -6.690802097944290E-002
 -3.614347093251744E-002
 -2.250994365286024E-002
 -1.533741882335808E-002
 -1.111291866201167E-002
 -8.419140839615346E-003
 -6.597494104374085E-003
 -5.308664265313061E-003
 -4.363535354427532E-003
 -3.649978962535039E-003
 -3.098108700141418E-003
 -2.662535256946258E-003
 -2.312743382416859E-003
 -2.027605592306972E-003
 -1.792118904204924E-003
 -1.595391945014626E-003
 -1.429363516761188E-003
 -1.287963941980258E-003
 -1.166552615272707E-003
 -1.061532498331387E-003
 -9.700806925120781E-004
 -8.899568004801701E-004
 -8.193644309757276E-004
 -7.568496493312715E-004
 -7.012255251216102E-004
 -6.515153853521944E-004
 -6.069096538191878E-004
 -5.667326557776216E-004
 -5.304151588233635E-004
 -4.974283802925314E-004
 -4.668180849091085E-004
 -4.361360783099864E-004
 -4.025464622086034E-004
 -3.650945830264864E-004
 -3.239711139008523E-004
 -2.794979146408516E-004
 -2.319220863300215E-004
 -1.814234866357344E-004
 -1.281368202647023E-004
 -7.216656168434854E-005
 -1.359620228855656E-005
  4.750589438950253E-005
  1.110826386950903E-004
  1.770855804150436E-004
  2.454730459054227E-004
  3.162087833884710E-004
  3.892609520542231E-004
  4.646013522270219E-004
  5.422048268090946E-004
  6.220487905827141E-004
  7.041128519000200E-004
  7.883785067218240E-004
  8.748288880468846E-004
  9.634485583505796E-004
  1.054223335676777E-003
  1.147140147169365E-003
  1.242186905624107E-003
  1.339352403123620E-003
  1.438626219125427E-003
  1.539998642620618E-003
  1.643460602221576E-003
  1.749003607136332E-003
  1.856619693785415E-003
  1.966301379760931E-003
  2.078041621934756E-003
  2.191833780753137E-003
  2.307671586979363E-003
  2.425549112662941E-003
  2.545460744425508E-003
  2.667401160846551E-003
  2.791365310554093E-003
  2.917348392580800E-003
  3.045345839473000E-003
  3.175353300948426E-003
  3.307366629776269E-003
  3.441381868080115E-003
  3.577395235580987E-003
  3.715403118014924E-003
  3.855402057407255E-003
  3.997388742306402E-003
  4.141359999299311E-003
  4.287312784763714E-003
  4.435244177605113E-003
  4.585151372424020E-003
  4.737031673202832E-003
  4.890882486747888E-003
  5.046701318177527E-003
  5.204485765081933E-003
  5.364233513218563E-003
  5.525942331510355E-003
  5.689610068199809E-003
  5.855234647000574E-003
  6.022814063194751E-003
  6.192346380399305E-003
  6.363829727532969E-003
  6.537262295095269E-003
  6.712642333299037E-003
  6.889968148534129E-003
  7.069238101197759E-003
  7.250450603342970E-003
  7.433604116667691E-003
  7.618697149622390E-003
  7.805728256287914E-003
  7.994696034075849E-003
  8.185599121926465E-003
  8.378436198269317E-003
  8.573205980498187E-003
  8.769907222331915E-003
  8.968538712918698E-003
  9.169099275202198E-003
  9.371587764846874E-003
  9.576003068848581E-003
  9.782344104632487E-003
  9.990609818221618E-003
  1.020079918391826E-002
  1.041291120319572E-002
  1.062694490331795E-002
  1.084289933642090E-002
  1.106077357924515E-002
  1.128056673159276E-002
  1.150227791568059E-002
  1.172590627605465E-002
  1.195145097751178E-002
  1.217891120593711E-002
  1.240828616616762E-002
  1.263957508237861E-002
  1.287277719716389E-002
  1.310789177081491E-002
  1.334491808074724E-002
  1.358385542099381E-002
  1.382470310213043E-002
  1.406746044978179E-002
  1.431212680503513E-002
  1.455870152375752E-002
  1.480718397578792E-002
  1.505757354501063E-002
  1.530986962848331E-002
  1.556407163642526E-002
  1.582017899159513E-002
  1.607819112892045E-002
  1.633810749532787E-002
  1.659992754922375E-002
  1.686365076026865E-002
  1.712927660896352E-002
  1.739680458645234E-002
  1.766623419430127E-002
  1.793756494375620E-002
  1.821079635620221E-002
  1.848592796228312E-002
  1.876295930188835E-002
  1.904188992382435E-002
  1.932271938565001E-002
  1.960544725357318E-002
  1.989007310198734E-002
  2.017659651333041E-002
  2.046501707805282E-002
  2.075533439382384E-002
  2.104754806621157E-002
  2.134165770787862E-002
  2.163766293868601E-002
  2.193556338523234E-002
  2.223535868107566E-002
  2.253704846618367E-002
  2.284063238692491E-002
  2.314611009595955E-002
  2.345348125208024E-002
  2.376274552017323E-002
  2.407390257065306E-002
  2.438695207988200E-002
  2.470189372959278E-002
  2.501872720706592E-002
  2.533745220479816E-002
  2.565806842035729E-002
  2.598057555656177E-002
  2.630497332100745E-002
  2.663126142628668E-002
  2.695943958960469E-002
  2.728950753264064E-002
  2.762146498174104E-002
  2.795531166767851E-002
  2.829104732555248E-002
  2.862867169455376E-002
  2.896818451795750E-002
  2.930958554346014E-002
  2.965287452214589E-002
  2.999805120925225E-002
  3.034511536404950E-002
  3.069406674896867E-002
  3.104490513068546E-002
  3.139763027887132E-002
  3.175224196701343E-002
  3.210873997183948E-002
  3.246712407360837E-002
  3.282739405558521E-002
  3.318954970431855E-002
  3.355359080967477E-002
  3.391951716428526E-002
  3.428732856411051E-002
  3.465702480783983E-002
  3.502860569707796E-002
  3.540207103636299E-002
  3.577742063300101E-002
  3.615465429690506E-002
  3.653377184070484E-002
  3.691477307985468E-002
  3.729765783223664E-002
  3.768242591805975E-002
  3.806907716034520E-002
  3.845761138438588E-002
  3.884802841773417E-002
  3.924032809064276E-002
  3.963451023538914E-002
  4.003057468632918E-002
  4.042852128046614E-002
  4.082834985671878E-002
  4.123006025605437E-002
  4.163365232176998E-002
  4.203912589919884E-002
  4.244648083525020E-002
  4.285571697948289E-002
  4.326683418295919E-002
  4.367983229876103E-002
  4.409471118188034E-002
  4.451147068909449E-002
  4.493011067905733E-002
  4.535063101239886E-002
  4.577303155103470E-002
  4.619731215905821E-002
  4.662347270199149E-002
  4.705151304693055E-002
  4.748143306302489E-002
  4.791323262056308E-002
  4.834691159173712E-002
  4.878246985009965E-002
  4.921990727073143E-002
  4.965922373061839E-002
  5.010041910748912E-002
  5.054349328105086E-002
  5.098844613242244E-002
  5.143527754400096E-002
  5.188398739959073E-002
  5.233457558441455E-002
  5.278704198471377E-002
  5.324138648853911E-002
  5.369760898509410E-002
  5.415570936465735E-002
  5.461568751880680E-002
  5.507754334051980E-002
  5.554127672385135E-002
  5.600688756401007E-002
  5.647437575752186E-002
  5.694374120183675E-002
  5.741498379576920E-002
  5.788810343943738E-002
  5.836310003332058E-002
  5.883997347969922E-002
  5.931872368170518E-002
  5.979935054365140E-002
  6.028185397052216E-002
  6.076623386862850E-002
  6.125249014530777E-002
  6.174062270874404E-002
  6.223063146804753E-002
  6.272251633361900E-002
  6.321627721645454E-002
  6.371191402865291E-002
  6.420942668324049E-002
  6.470881509413366E-002
  6.521007917601868E-002
  6.571321884482616E-002
  6.621823401707552E-002
  6.672512461029495E-002
  6.723389054276918E-002
  6.774453173392753E-002
  6.825704810392011E-002
  6.877143957360925E-002
  6.928770606494089E-002
  6.980584750070835E-002
  7.032586380446679E-002
  7.084775490071460E-002
  7.137152071501267E-002
  7.189716117348190E-002
  7.242467620330401E-002
  7.295406573255364E-002
  7.348532969017281E-002
  7.401846800619930E-002
  7.455348061132928E-002
  7.509036743739843E-002
  7.562912841727043E-002
  7.616976348468012E-002
  7.671227257439014E-002
  7.725665562227894E-002
  7.780291256532633E-002
  7.835104334148021E-002
  7.890104788992938E-002
  7.945292615093213E-002
  8.000667806613930E-002
  8.056230357814766E-002
  8.111980263083617E-002
  8.167917516957211E-002
  8.224042114094826E-002
  8.280354049278620E-002
  8.336853317431271E-002
  8.393539913613537E-002
  8.450413833048867E-002
  8.507475071091633E-002
  8.564723623224602E-002
  8.622159485096950E-002
  8.679782652507718E-002
  8.737593121381262E-002
  8.795590887829267E-002
  8.853775948080801E-002
  8.912148298511348E-002
  8.970707935649569E-002
  9.029454856155844E-002
  9.088389056828843E-002
  9.147510534592895E-002
  9.206819286510172E-002
  9.266315309703550E-002
  9.325998601447091E-002
  9.385869159080541E-002
  9.445926980030755E-002
  9.506172061774144E-002
  9.566604401851793E-002
  9.627223997805537E-002
  9.688030847213308E-002
  9.749024947618018E-002
  9.810206296528406E-002
  9.871574891405591E-002
  9.933130729596583E-002
  9.994873808358930E-002
  0.100568041247659     
  0.101189216757490     
  0.101812264580046     
  0.102437184679914     
  0.103063977018786     
  0.103692641555293     
  0.104323178244487     
  0.104955587037625     
  0.105589867881735     
  0.106226020719268     
  0.106864045487847     
  0.107503942119950     
  0.108145710542424     
  0.108789350676454     
  0.109434862437278     
  0.110082245733819     
  0.110731500469049     
  0.111382626539105     
  0.112035623833834     
  0.112690492236849     
  0.113347231625492     
  0.114005841870774     
  0.114666322838098     
  0.115328674387433     
  0.115992896373936     
  0.116658988648638     
  0.117326951058840     
  0.117996783449431     
  0.118668485663736     
  0.119342057544481     
  0.120017498935417     
  0.120694809682933     
  0.121373989637453     
  0.122055038655207     
  0.122737956600640     
  0.123422743348230     
  0.124109398784982     
  0.124797922813005     
  0.125488315352133     
  0.126180576342751     
  0.126874705749028     
  0.127570703562130     
  0.128268569802983     
  0.128968304526364     
  0.129669907823998     
  0.130373379828363     
  0.131078720716230     
  0.131785930712440     
  0.132495010093244     
  0.133205959190368     
  0.133918778394167     
  0.134633468157389     
  0.135350028998034     
  0.136068461502712     
  0.136788766329243     
  0.137510944209200     
  0.138234995950107     
  0.138960922437087     
  0.139688724634408     
  0.140418403585836     
  0.141149960415291     
  0.141883396326721     
  0.142618712602900     
  0.143355910603834     
  0.144094991764819     
  0.144835957593654     
  0.145578809666795     
  0.146323549625520     
  0.147070179170665     
  0.147818700057281     
  0.148569114088034     
  0.149321423106735     
  0.150075628990491     
  0.150831733641875     
  0.151589738980486     
  0.152349646933958     
  0.153111459428444     
  0.153875178379103     
  0.154640805680504     
  0.155408343196363     
  0.156177792749422     
  0.156949156111565     
  0.157722434993661     
  0.158497631035794     
  0.159274745797287     
  0.160053780747704     
  0.160834737257650     
  0.161617616589848     
  0.162402419890873     
  0.163189148183081     
  0.163977802357758     
  0.164768383167501     
  0.165560891220031     
  0.166355326972071     
  0.167151690724047     
  0.167949982614770     
  0.168750202616998     
  0.169552350533195     
  0.170356425991623     
  0.171162428443222     
  0.171970357158327     
  0.172780211223783     
  0.173591989540842     
  0.174405690822253     
  0.175221313590902     
  0.176038856177391     
  0.176858316718505     
  0.177679693155486     
  0.178502983232525     
  0.179328184495442     
  0.180155294290474     
  0.180984309762772     
  0.181815227855514     
  0.182648045308955     
  0.183482758659963     
  0.184319364241319     
  0.185157858181709     
  0.185998236406387     
  0.186840494637775     
  0.187684628397158     
  0.188530633007442     
  0.189378503596750     
  0.190228235102804     
  0.191079822279758     
  0.191933259706281     
  0.192788541796044     
  0.193645662810461     
  0.194504616874388     
  0.195365397995340     
  0.196228000086463     
  0.197092416993523     
  0.197958642527186     
  0.198826670500265     
  0.199696494770835     
  0.200568109291690     
  0.201441508167112     
  0.202316685716103     
  0.203193636543415     
  0.204072355618145     
  0.204952838359706     
  0.205835080731010     
  0.206719079337956     
  0.207604831534357     
  0.208492335530687     
  0.209381590505476     
  0.210272596715668     
  0.211165355603908     
  0.212059869899838     
  0.212956143710548     
  0.213854182596949     
  0.214753993631862     
  0.215655585435602     
  0.216558968184572     
  0.217464153591499     
  0.218371154852074     
  0.219279986559631     
  0.220190664584812     
  0.221103205924088     
  0.222017628517789     
  0.222933951043431     
  0.223852192688776     
  0.224772372911923     
  0.225694511194999     
  0.226618626799745     
  0.227544738531700     
  0.228472864519888     
  0.229403022018786     
